Data;Fechamento;Variação;Variação (%);Abertura;Máxima;Mínima;Volume;Date
09/25/2020;26.88;0.03;0.11%;26.52;27.33;26.32;9.779.000;2020-09-25
09/24/2020;26.85;0.10;0.37%;26.76;27.39;25.92;13.132.200;2020-09-24
09/23/2020;26.75;0.47;1.79%;26.50;27.27;26.13;14.412.300;2020-09-23
09/22/2020;26.28;0.25;0.96%;26.18;26.92;25.81;13.938.900;2020-09-22
09/21/2020;26.03;-1.92;-6.87%;27.29;27.59;25.89;22.940.200;2020-09-21
09/18/2020;27.95;-0.97;-3.35%;28.90;29.34;27.90;15.884.500;2020-09-18
09/17/2020;28.92;-0.16;-0.55%;28.77;29.50;28.39;12.942.000;2020-09-17
09/16/2020;29.08;1.05;3.75%;28.10;29.42;27.83;19.735.300;2020-09-16
09/15/2020;28.03;-0.21;-0.74%;28.21;28.66;27.65;15.758.800;2020-09-15
09/14/2020;28.24;1.69;6.37%;27.05;28.37;26.60;20.548.100;2020-09-14
09/11/2020;26.55;0.42;1.61%;26.90;27.07;25.11;18.792.100;2020-09-11
09/10/2020;26.13;-0.08;-0.31%;26.30;27.45;26.10;17.115.900;2020-09-10
09/09/2020;26.21;-0.02;-0.08%;26.60;27.22;25.69;19.611.500;2020-09-09
09/08/2020;26.23;1.50;6.07%;24.35;26.50;24.10;23.371.200;2020-09-08
09/07/2020;24.73;0.00;+0.00%;24.21;24.80;23.79;0;2020-09-07
09/04/2020;24.73;0.76;3.17%;24.21;24.80;23.79;16.928.000;2020-09-04
09/03/2020;23.97;0.73;3.14%;23.15;24.20;23.02;22.388.500;2020-09-03
09/02/2020;23.24;0.35;1.53%;23.05;23.56;22.66;10.006.000;2020-09-02
09/01/2020;22.89;0.71;3.2%;22.36;23.14;22.11;12.297.600;2020-09-01
08/31/2020;22.18;-0.70;-3.06%;22.70;23.51;22.14;11.454.000;2020-08-31
08/28/2020;22.88;0.57;2.55%;22.40;22.98;22.05;10.505.400;2020-08-28
08/27/2020;22.31;0.82;3.82%;21.75;22.66;21.64;15.332.700;2020-08-27
08/26/2020;21.49;-0.48;-2.18%;21.90;22.15;21.24;8.324.900;2020-08-26
08/25/2020;21.97;-0.58;-2.57%;23.00;23.01;21.87;11.596.500;2020-08-25
08/24/2020;22.55;0.86;3.96%;21.92;22.60;21.59;12.921.400;2020-08-24
08/21/2020;21.69;0.00;+0.00%;21.57;22.40;21.38;0;2020-08-21
08/21/2020;21.69;0.12;0.56%;21.57;22.40;21.38;10.520.300;2020-08-21
08/20/2020;21.57;0.10;0.47%;21.00;21.74;20.73;7.926.000;2020-08-20
08/19/2020;21.47;-0.33;-1.51%;21.89;22.12;21.33;7.335.600;2020-08-19
08/18/2020;21.80;0.55;2.59%;21.70;22.07;21.35;7.271.500;2020-08-18
08/17/2020;21.25;-1.24;-5.51%;22.40;22.45;21.00;11.973.300;2020-08-17
08/14/2020;22.49;0.48;2.18%;21.90;22.78;21.36;12.943.600;2020-08-14
08/13/2020;22.01;-0.87;-3.8%;22.26;23.10;22.00;13.622.100;2020-08-13
08/12/2020;22.88;-0.44;-1.89%;24.41;24.70;22.53;33.450.300;2020-08-12
08/11/2020;23.32;1.54;7.07%;22.15;24.05;22.01;41.576.000;2020-08-11
08/10/2020;21.78;0.87;4.16%;21.08;21.90;20.87;14.738.600;2020-08-10
08/07/2020;20.91;-0.57;-2.65%;21.22;21.83;20.70;11.753.600;2020-08-07
08/06/2020;21.48;1.47;7.35%;20.36;21.59;20.01;13.244.800;2020-08-06
08/05/2020;20.01;0.30;1.52%;20.16;20.29;19.85;6.102.000;2020-08-05
08/04/2020;19.71;-0.29;-1.45%;19.88;20.43;19.69;7.135.600;2020-08-04
08/03/2020;20.00;-0.10;-0.5%;20.60;20.60;19.91;7.695.200;2020-08-03
07/31/2020;20.10;-0.89;-4.24%;21.02;21.55;20.10;10.273.900;2020-07-31
07/30/2020;20.99;0.04;0.19%;20.61;21.28;20.52;6.542.400;2020-07-30
07/29/2020;20.95;-0.52;-2.42%;21.64;21.69;20.72;9.578.400;2020-07-29
07/28/2020;21.47;0.72;3.47%;20.90;21.76;20.56;10.540.500;2020-07-28
07/27/2020;20.75;0.17;0.83%;20.71;20.88;20.22;7.985.500;2020-07-27
07/24/2020;20.58;-0.44;-2.09%;20.69;20.69;20.05;9.049.700;2020-07-24
07/23/2020;21.02;-0.54;-2.5%;21.55;21.70;20.78;8.815.800;2020-07-23
07/22/2020;21.56;-0.23;-1.06%;21.86;21.92;21.17;8.680.100;2020-07-22
07/21/2020;21.79;0.16;0.74%;21.80;22.22;21.65;11.490.500;2020-07-21
07/20/2020;21.63;-0.20;-0.92%;21.99;22.00;21.57;10.397.400;2020-07-20
07/17/2020;21.83;-0.24;-1.09%;22.19;22.44;21.67;14.425.200;2020-07-17
07/16/2020;22.07;-0.73;-3.2%;22.53;22.70;21.91;13.014.000;2020-07-16
07/15/2020;22.80;1.19;5.51%;22.58;22.85;22.05;26.871.600;2020-07-15
07/14/2020;21.61;0.42;1.98%;21.17;22.05;20.63;15.561.500;2020-07-14
07/13/2020;21.19;-0.70;-3.2%;22.27;22.90;21.16;20.476.800;2020-07-13
07/10/2020;21.89;0.88;4.19%;20.75;22.15;20.63;17.395.500;2020-07-10
07/09/2020;21.01;-0.52;-2.42%;21.59;21.62;20.81;11.960.700;2020-07-09
07/08/2020;21.53;0.04;0.19%;22.02;22.05;21.45;10.774.700;2020-07-08
07/07/2020;21.49;-0.59;-2.67%;21.62;22.36;21.40;17.015.000;2020-07-07
07/06/2020;22.08;0.85;4.0%;21.90;22.10;21.35;16.135.400;2020-07-06
07/03/2020;21.23;0.38;1.82%;20.82;21.25;20.40;9.113.600;2020-07-03
07/02/2020;20.85;0.07;0.34%;21.41;21.83;20.64;17.256.300;2020-07-02
