Data;Fechamento;Variação;Variação (%);Abertura;Máxima;Mínima;Volume;Date
09/25/2020;23.60;0.20;0.85%;23.23;23.95;22.94;6.249.700;2020-09-25
09/24/2020;23.40;0.52;2.27%;22.81;24.05;22.61;9.121.500;2020-09-24
09/23/2020;22.88;-0.60;-2.56%;23.43;23.68;22.69;5.216.200;2020-09-23
09/22/2020;23.48;0.67;2.94%;22.91;23.63;22.47;8.106.500;2020-09-22
09/21/2020;22.81;-0.22;-0.96%;22.54;22.84;22.06;5.506.600;2020-09-21
09/18/2020;23.03;-0.65;-2.74%;23.69;23.71;22.68;7.362.800;2020-09-18
09/17/2020;23.68;-0.21;-0.88%;23.69;23.96;23.23;8.926.000;2020-09-17
09/16/2020;23.89;-0.57;-2.33%;24.41;24.81;23.89;7.316.400;2020-09-16
09/15/2020;24.46;-0.04;-0.16%;24.70;24.85;24.07;5.396.300;2020-09-15
09/14/2020;24.50;0.81;3.42%;23.94;24.73;23.81;5.116.700;2020-09-14
09/11/2020;23.69;-0.04;-0.17%;24.08;24.24;23.32;7.575.400;2020-09-11
09/10/2020;23.73;-0.81;-3.3%;24.54;24.93;23.56;8.786.600;2020-09-10
09/09/2020;24.54;0.69;2.89%;24.20;25.04;24.20;9.196.100;2020-09-09
09/08/2020;23.85;-0.05;-0.21%;23.51;24.18;23.31;6.178.900;2020-09-08
09/07/2020;23.90;0.00;+0.00%;24.30;24.34;22.95;0;2020-09-07
09/04/2020;23.90;-0.35;-1.44%;24.30;24.34;22.95;9.819.900;2020-09-04
09/03/2020;24.25;-0.08;-0.33%;24.31;24.53;23.65;13.665.400;2020-09-03
09/02/2020;24.33;-0.12;-0.49%;24.56;24.95;24.04;6.083.100;2020-09-02
09/01/2020;24.45;0.01;0.04%;24.37;24.89;24.12;7.124.400;2020-09-01
08/31/2020;24.44;-1.00;-3.93%;25.19;25.32;23.91;10.707.300;2020-08-31
08/28/2020;25.44;1.84;7.8%;23.93;25.51;23.87;12.520.900;2020-08-28
08/27/2020;23.60;0.15;0.64%;23.79;24.02;23.33;5.988.900;2020-08-27
08/26/2020;23.45;-0.65;-2.7%;24.20;24.57;23.07;12.888.200;2020-08-26
08/25/2020;24.10;-0.14;-0.58%;24.33;24.53;23.97;5.359.400;2020-08-25
08/24/2020;24.24;-0.42;-1.7%;24.80;24.86;24.10;5.427.800;2020-08-24
08/21/2020;24.66;0.00;+0.00%;24.24;24.96;23.90;0;2020-08-21
08/21/2020;24.66;0.23;0.94%;24.24;24.96;23.90;6.883.300;2020-08-21
08/20/2020;24.43;0.88;3.74%;23.01;24.67;22.82;6.426.600;2020-08-20
08/19/2020;23.55;-0.78;-3.21%;24.33;24.34;23.55;6.174.000;2020-08-19
08/18/2020;24.33;0.83;3.53%;24.08;24.43;23.34;5.880.500;2020-08-18
08/17/2020;23.50;-0.86;-3.53%;24.52;24.62;22.98;5.713.700;2020-08-17
08/14/2020;24.36;0.45;1.88%;24.01;24.78;23.42;6.904.800;2020-08-14
08/13/2020;23.91;-0.49;-2.01%;24.40;24.89;23.78;7.077.700;2020-08-13
08/12/2020;24.40;-0.69;-2.75%;25.19;25.39;23.56;9.863.200;2020-08-12
08/11/2020;25.09;-0.43;-1.68%;25.82;26.05;24.92;8.305.000;2020-08-11
08/10/2020;25.52;-0.42;-1.62%;25.92;26.09;25.24;4.255.200;2020-08-10
08/07/2020;25.94;-0.21;-0.8%;26.09;26.56;25.46;5.515.700;2020-08-07
08/06/2020;26.15;0.00;0.0%;26.32;26.74;26.00;5.879.600;2020-08-06
08/05/2020;26.15;0.15;0.58%;26.19;26.64;25.80;6.757.600;2020-08-05
08/04/2020;26.00;-0.78;-2.91%;26.60;26.60;25.27;12.028.200;2020-08-04
08/03/2020;26.78;-0.87;-3.15%;27.65;27.65;26.45;7.765.300;2020-08-03
07/31/2020;27.65;0.02;0.07%;27.62;27.83;26.82;7.229.900;2020-07-31
07/30/2020;27.63;0.77;2.87%;26.27;27.75;26.16;6.386.500;2020-07-30
07/29/2020;26.86;1.33;5.21%;25.87;26.92;25.71;10.042.900;2020-07-29
07/28/2020;25.53;-0.56;-2.15%;26.08;26.23;25.04;7.925.200;2020-07-28
07/27/2020;26.09;0.36;1.4%;25.98;26.70;25.83;5.641.800;2020-07-27
07/24/2020;25.73;-0.82;-3.09%;26.00;26.10;24.85;7.264.200;2020-07-24
07/23/2020;26.55;-0.84;-3.07%;27.34;27.67;26.27;6.373.800;2020-07-23
07/22/2020;27.39;-0.03;-0.11%;27.45;27.74;26.83;5.459.300;2020-07-22
07/21/2020;27.42;-0.47;-1.69%;28.10;28.30;27.17;6.482.200;2020-07-21
07/20/2020;27.89;0.28;1.01%;27.60;28.12;27.23;5.024.300;2020-07-20
07/17/2020;27.61;1.42;5.42%;26.20;27.65;26.10;9.686.900;2020-07-17
07/16/2020;26.19;-0.44;-1.65%;26.56;26.70;25.90;6.834.900;2020-07-16
07/15/2020;26.63;-0.09;-0.34%;27.20;27.50;26.46;8.026.500;2020-07-15
07/14/2020;26.72;0.02;0.07%;26.00;27.03;25.54;8.077.300;2020-07-14
07/13/2020;26.70;-0.84;-3.05%;28.19;28.34;26.50;9.046.900;2020-07-13
07/10/2020;27.54;0.71;2.65%;26.73;27.65;26.61;7.018.100;2020-07-10
07/09/2020;26.83;0.18;0.68%;26.75;27.03;26.32;8.862.500;2020-07-09
07/08/2020;26.65;1.05;4.1%;25.87;26.98;25.87;13.739.200;2020-07-08
07/07/2020;25.60;0.03;0.12%;25.36;25.97;25.18;7.459.600;2020-07-07
07/06/2020;25.57;0.17;0.67%;25.99;26.06;25.29;7.924.000;2020-07-06
07/03/2020;25.40;0.69;2.79%;24.71;25.40;24.30;4.641.300;2020-07-03
07/02/2020;24.71;-0.09;-0.36%;25.00;25.39;24.32;7.998.400;2020-07-02
07/01/2020;24.80;2.00;8.77%;23.69;24.80;23.36;12.172.600;2020-07-01
06/30/2020;22.80;-0.53;-2.27%;22.86;23.86;22.54;6.639.000;2020-06-30
06/29/2020;23.33;1.38;6.29%;22.24;23.34;21.44;6.527.100;2020-06-29
06/26/2020;21.95;-1.11;-4.81%;22.82;23.06;21.80;7.886.300;2020-06-26
06/25/2020;23.06;0.35;1.54%;22.66;23.30;22.30;6.531.900;2020-06-25
06/24/2020;22.71;-0.74;-3.16%;23.15;23.49;22.38;7.181.900;2020-06-24
06/23/2020;23.45;0.59;2.58%;23.50;23.54;22.80;5.711.100;2020-06-23
06/22/2020;22.86;0.11;0.48%;23.18;23.95;22.63;7.386.700;2020-06-22
06/19/2020;22.75;0.39;1.74%;23.00;23.04;22.25;12.223.500;2020-06-19
06/18/2020;22.36;-0.43;-1.89%;22.20;23.81;21.95;17.442.900;2020-06-18
06/17/2020;22.79;1.72;8.16%;21.12;22.79;21.02;10.937.000;2020-06-17
06/16/2020;21.07;0.24;1.15%;21.67;21.98;20.90;9.363.500;2020-06-16
06/15/2020;20.83;0.12;0.58%;19.70;21.17;19.36;6.720.700;2020-06-15
06/12/2020;20.71;-0.06;-0.29%;20.00;20.74;19.61;10.351.600;2020-06-12
06/11/2020;20.77;0.00;+0.00%;22.10;22.22;20.57;0;2020-06-11
06/10/2020;20.77;-1.07;-4.9%;22.10;22.22;20.57;7.571.100;2020-06-10
06/09/2020;21.84;-0.35;-1.58%;21.69;22.13;21.06;6.551.300;2020-06-09
06/08/2020;22.19;1.31;6.27%;21.22;22.21;20.86;8.876.000;2020-06-08
06/05/2020;20.88;0.07;0.34%;22.00;22.44;20.50;10.230.000;2020-06-05
06/04/2020;20.81;-0.17;-0.81%;20.45;21.31;20.12;8.465.300;2020-06-04
06/03/2020;20.98;2.63;14.33%;19.00;21.65;18.97;20.138.400;2020-06-03
06/02/2020;18.35;1.20;7.0%;17.30;18.40;17.25;12.380.300;2020-06-02
06/01/2020;17.15;0.25;1.48%;16.95;17.43;16.77;6.382.400;2020-06-01
05/29/2020;16.90;-0.42;-2.42%;17.32;17.41;16.64;9.516.600;2020-05-29
05/28/2020;17.32;-0.33;-1.87%;17.48;18.04;16.75;10.868.200;2020-05-28
05/27/2020;17.65;1.45;8.95%;16.32;17.78;16.21;12.345.400;2020-05-27
05/26/2020;16.20;-0.59;-3.51%;17.10;17.34;16.06;11.434.000;2020-05-26
05/25/2020;16.79;1.62;10.68%;15.70;16.80;15.52;10.301.800;2020-05-25
05/22/2020;15.17;-0.46;-2.94%;15.30;15.37;14.84;8.605.200;2020-05-22
05/21/2020;15.63;1.63;11.64%;14.10;15.71;14.10;14.888.700;2020-05-21
05/20/2020;14.00;0.70;5.26%;13.49;14.32;13.43;9.563.000;2020-05-20
05/19/2020;13.30;-0.26;-1.92%;13.53;14.00;13.25;8.710.100;2020-05-19
05/18/2020;13.56;1.01;8.05%;13.09;13.68;12.92;8.040.400;2020-05-18
05/15/2020;12.55;-0.95;-7.04%;13.39;13.67;12.55;13.957.700;2020-05-15
05/14/2020;13.50;0.86;6.8%;12.20;13.64;12.13;12.214.600;2020-05-14
05/13/2020;12.64;-0.42;-3.22%;13.16;13.17;12.07;17.390.200;2020-05-13
05/12/2020;13.06;-0.12;-0.91%;13.28;13.59;13.01;10.058.200;2020-05-12
05/11/2020;13.18;-0.42;-3.09%;13.47;13.65;13.07;6.286.000;2020-05-11
05/08/2020;13.60;0.16;1.19%;13.60;13.79;13.18;8.139.800;2020-05-08
05/07/2020;13.44;-0.86;-6.01%;14.60;14.60;13.33;8.212.100;2020-05-07
05/06/2020;14.30;-0.75;-4.98%;14.95;15.15;14.30;6.673.300;2020-05-06
05/05/2020;15.05;0.17;1.14%;15.14;15.48;14.79;6.258.900;2020-05-05
05/04/2020;14.88;-1.10;-6.88%;15.30;15.31;14.62;8.662.100;2020-05-04
05/01/2020;15.98;0.00;+0.00%;16.55;16.89;15.69;0;2020-05-01
04/30/2020;15.98;-1.07;-6.28%;16.55;16.89;15.69;8.780.000;2020-04-30
04/29/2020;17.05;1.30;8.25%;16.32;17.12;16.09;10.850.800;2020-04-29
04/28/2020;15.75;1.50;10.53%;14.75;16.09;14.45;13.113.800;2020-04-28
04/27/2020;14.25;-0.03;-0.21%;14.38;14.62;13.51;17.625.300;2020-04-27
04/24/2020;14.28;-1.72;-10.75%;15.58;15.58;13.31;17.270.200;2020-04-24
04/23/2020;16.00;-0.10;-0.62%;16.25;16.73;15.46;7.855.100;2020-04-23
04/22/2020;16.10;0.36;2.29%;16.10;16.49;15.51;10.688.200;2020-04-22
04/21/2020;15.74;0.00;+0.00%;14.10;15.74;14.02;0;2020-04-21
04/20/2020;15.74;1.39;9.69%;14.10;15.74;14.02;10.983.700;2020-04-20
04/17/2020;14.35;0.05;0.35%;14.40;14.96;14.04;6.727.400;2020-04-17
04/16/2020;14.30;-0.04;-0.28%;14.36;14.75;14.00;7.910.200;2020-04-16
04/15/2020;14.34;-0.14;-0.97%;14.01;14.57;13.75;8.469.500;2020-04-15
04/14/2020;14.48;0.09;0.63%;14.61;15.05;14.12;6.152.500;2020-04-14
04/13/2020;14.39;-0.35;-2.37%;14.57;14.83;13.98;10.868.000;2020-04-13
04/10/2020;14.74;0.00;+0.00%;14.58;15.60;14.25;0;2020-04-10
04/09/2020;14.74;0.38;2.65%;14.58;15.60;14.25;10.529.900;2020-04-09
04/08/2020;14.36;0.76;5.59%;13.86;14.46;13.26;8.173.000;2020-04-08
04/07/2020;13.60;0.30;2.26%;14.20;14.61;13.53;6.906.300;2020-04-07
04/06/2020;13.30;0.30;2.31%;13.73;13.94;12.91;10.005.400;2020-04-06
04/03/2020;13.00;0.50;4.0%;12.52;13.00;11.94;12.824.800;2020-04-03
04/02/2020;12.50;-0.47;-3.62%;13.11;13.17;12.20;13.222.900;2020-04-02
04/01/2020;12.97;-1.43;-9.93%;13.16;13.34;12.60;11.947.100;2020-04-01
03/31/2020;14.40;-1.10;-7.1%;15.58;15.58;14.10;8.773.400;2020-03-31
03/30/2020;15.50;-0.72;-4.44%;16.44;16.68;15.28;6.003.800;2020-03-30
03/27/2020;16.22;-2.05;-11.22%;17.10;17.51;16.00;9.774.200;2020-03-27
03/26/2020;18.27;1.99;12.22%;16.45;18.47;16.26;10.014.500;2020-03-26
03/25/2020;16.28;1.28;8.53%;15.30;17.46;14.69;11.033.400;2020-03-25
03/24/2020;15.00;1.87;14.24%;13.85;15.65;13.85;9.270.400;2020-03-24
03/23/2020;13.13;-1.27;-8.82%;14.30;15.05;12.50;9.180.300;2020-03-23
03/20/2020;14.40;-0.06;-0.41%;15.54;16.40;13.90;16.306.000;2020-03-20
03/19/2020;14.46;0.86;6.32%;12.55;15.70;11.30;15.112.500;2020-03-19
03/18/2020;13.60;-3.21;-19.1%;15.18;15.52;11.20;11.828.700;2020-03-18
03/17/2020;16.81;-0.39;-2.27%;17.98;18.25;16.52;9.459.300;2020-03-17
03/16/2020;17.20;-3.74;-17.86%;18.30;18.30;16.48;10.849.000;2020-03-16
03/13/2020;20.94;2.31;12.4%;22.10;22.50;18.28;11.021.400;2020-03-13
03/12/2020;18.63;-5.28;-22.08%;20.00;20.30;16.84;7.818.000;2020-03-12
03/11/2020;23.91;-1.19;-4.74%;24.70;24.70;21.17;6.610.400;2020-03-11
03/10/2020;25.10;2.06;8.94%;24.45;25.25;23.53;10.134.500;2020-03-10
03/09/2020;23.04;-4.71;-16.97%;24.50;25.30;22.97;8.976.900;2020-03-09
03/06/2020;27.75;-1.67;-5.68%;28.10;28.55;26.66;9.556.300;2020-03-06
03/05/2020;29.42;-2.76;-8.58%;31.67;31.77;28.51;4.082.400;2020-03-05
03/04/2020;32.18;1.61;5.27%;31.25;32.23;31.20;3.770.000;2020-03-04
03/03/2020;30.57;-0.06;-0.2%;30.75;32.24;30.47;5.609.700;2020-03-03
03/02/2020;30.63;0.80;2.68%;29.50;31.24;29.33;5.637.300;2020-03-02
02/28/2020;29.83;0.00;0.0%;29.83;29.83;29.83;0;2020-02-28
02/27/2020;29.83;0.33;1.12%;29.25;29.83;27.63;6.301.000;2020-02-27
02/27/2020;29.50;-1.74;-5.57%;30.71;30.75;28.93;7.519.900;2020-02-27
02/26/2020;31.24;-2.61;-7.71%;31.40;32.26;30.72;5.764.600;2020-02-26
02/25/2020;33.85;0.00;+0.00%;33.49;33.87;33.11;0;2020-02-25
02/24/2020;33.85;0.00;+0.00%;33.49;33.87;33.11;0;2020-02-24
02/21/2020;33.85;0.10;0.3%;33.49;33.87;33.11;4.331.700;2020-02-21
02/20/2020;33.75;0.15;0.45%;33.58;34.10;33.15;3.719.800;2020-02-20
02/19/2020;33.60;1.11;3.42%;32.50;33.84;32.30;3.600.400;2020-02-19
02/18/2020;32.49;-0.33;-1.01%;32.35;32.70;31.90;2.944.300;2020-02-18
02/17/2020;32.82;0.32;0.98%;32.62;32.93;32.08;2.081.400;2020-02-17
02/14/2020;32.50;-0.27;-0.82%;32.65;32.79;32.06;2.751.600;2020-02-14
02/13/2020;32.77;-0.05;-0.15%;32.21;33.02;31.91;3.173.700;2020-02-13
02/12/2020;32.82;0.66;2.05%;32.33;32.82;32.02;2.961.000;2020-02-12
02/11/2020;32.16;1.37;4.45%;31.18;32.42;30.91;5.551.400;2020-02-11
02/10/2020;30.79;-1.94;-5.93%;32.46;32.70;30.78;5.169.500;2020-02-10
02/07/2020;32.73;-0.27;-0.82%;32.58;32.92;31.78;4.441.200;2020-02-07
02/06/2020;33.00;0.00;0.0%;33.05;33.40;32.40;6.536.000;2020-02-06
02/05/2020;33.00;0.15;0.46%;33.28;34.08;32.63;4.657.800;2020-02-05
02/04/2020;32.85;0.40;1.23%;33.01;33.33;32.64;3.728.200;2020-02-04
02/03/2020;32.45;0.65;2.04%;32.27;32.98;31.80;4.328.400;2020-02-03
01/31/2020;31.80;-0.67;-2.06%;32.03;32.09;31.26;4.208.300;2020-01-31
01/30/2020;32.47;-0.27;-0.82%;31.90;32.47;30.60;3.972.000;2020-01-30
01/29/2020;32.74;-0.34;-1.03%;33.29;33.43;32.49;2.694.600;2020-01-29
01/28/2020;33.08;0.88;2.73%;32.30;33.26;32.30;2.647.800;2020-01-28
01/27/2020;32.20;-1.14;-3.42%;32.50;32.92;31.74;4.110.300;2020-01-27
01/24/2020;33.34;-1.04;-3.03%;34.35;34.40;33.13;2.995.800;2020-01-24
01/23/2020;34.38;0.35;1.03%;33.62;34.38;33.46;4.232.100;2020-01-23
01/22/2020;34.03;0.51;1.52%;33.64;34.08;33.08;3.655.000;2020-01-22
01/21/2020;33.52;-0.33;-0.97%;33.30;33.95;32.93;4.988.000;2020-01-21
01/20/2020;33.85;0.72;2.17%;33.38;33.92;32.53;3.998.600;2020-01-20
01/17/2020;33.13;1.01;3.14%;32.30;33.13;31.75;3.389.300;2020-01-17
01/16/2020;32.12;0.12;0.37%;32.15;32.29;31.60;2.775.400;2020-01-16
01/15/2020;32.00;-0.50;-1.54%;32.50;32.50;31.85;4.678.900;2020-01-15
01/14/2020;32.50;0.25;0.78%;32.07;32.89;31.98;4.732.300;2020-01-14
01/13/2020;32.25;0.60;1.9%;31.78;32.40;31.57;5.493.100;2020-01-13
01/10/2020;31.65;0.22;0.7%;31.44;31.80;31.31;5.039.600;2020-01-10
01/09/2020;31.43;-0.16;-0.51%;31.70;31.97;31.11;5.539.000;2020-01-09
01/08/2020;31.59;-1.01;-3.1%;32.70;32.70;31.58;5.799.200;2020-01-08
