Data;Fechamento;Variação;Variação (%);Abertura;Máxima;Mínima;Volume;Date
09/25/2020;64.13;-0.25;-0.39%;63.81;64.27;63.10;3.089.500;2020-09-25
09/24/2020;64.38;1.90;3.04%;62.51;65.12;62.51;5.067.600;2020-09-24
09/23/2020;62.48;-2.21;-3.42%;64.84;65.83;62.47;4.899.000;2020-09-23
09/22/2020;64.69;1.29;2.03%;63.63;65.24;63.21;5.023.600;2020-09-22
09/21/2020;63.40;1.55;2.51%;61.30;63.78;60.75;5.056.900;2020-09-21
09/18/2020;61.85;-1.07;-1.7%;62.30;63.45;61.76;5.995.500;2020-09-18
09/17/2020;62.92;-0.03;-0.05%;62.35;63.15;62.00;2.864.900;2020-09-17
09/16/2020;62.95;-1.13;-1.76%;64.24;65.25;62.91;4.405.500;2020-09-16
09/15/2020;64.08;0.75;1.18%;63.70;64.49;62.94;3.882.100;2020-09-15
09/14/2020;63.33;1.16;1.87%;63.00;63.79;62.61;3.330.300;2020-09-14
09/11/2020;62.17;-0.08;-0.13%;63.07;64.42;61.63;7.254.300;2020-09-11
09/10/2020;62.25;-2.87;-4.41%;64.90;64.90;62.06;4.235.200;2020-09-10
09/09/2020;65.12;2.13;3.38%;63.51;65.47;63.26;4.603.000;2020-09-09
09/08/2020;62.99;-1.39;-2.16%;64.19;64.19;62.60;4.942.200;2020-09-08
09/07/2020;64.38;0.00;+0.00%;65.00;65.15;61.87;0;2020-09-07
09/04/2020;64.38;-0.09;-0.14%;65.00;65.15;61.87;7.377.000;2020-09-04
09/03/2020;64.47;-2.32;-3.47%;66.70;67.22;63.40;6.817.200;2020-09-03
09/02/2020;66.79;-0.14;-0.21%;67.20;68.13;65.94;5.319.900;2020-09-02
09/01/2020;66.93;2.09;3.22%;65.70;67.10;65.19;3.969.000;2020-09-01
08/31/2020;64.84;-2.60;-3.86%;67.12;67.12;64.51;8.068.200;2020-08-31
08/28/2020;67.44;1.13;1.7%;66.80;67.98;66.09;3.854.100;2020-08-28
08/27/2020;66.31;-0.09;-0.14%;66.90;67.29;65.52;3.476.300;2020-08-27
08/26/2020;66.40;-1.90;-2.78%;68.29;68.74;65.80;6.922.800;2020-08-26
08/25/2020;68.30;1.55;2.32%;66.56;68.54;66.56;5.044.900;2020-08-25
08/24/2020;66.75;-0.85;-1.26%;67.76;68.60;66.25;5.249.600;2020-08-24
08/21/2020;67.60;0.00;+0.00%;67.11;67.61;66.10;0;2020-08-21
08/21/2020;67.60;0.38;0.57%;67.11;67.61;66.10;4.592.500;2020-08-21
08/20/2020;67.22;1.34;2.03%;64.99;67.94;64.21;7.368.200;2020-08-20
08/19/2020;65.88;-1.82;-2.69%;68.01;68.45;65.76;5.437.900;2020-08-19
08/18/2020;67.70;-0.27;-0.4%;69.29;69.33;67.32;5.308.200;2020-08-18
08/17/2020;67.97;-1.20;-1.73%;68.99;69.59;67.15;4.761.100;2020-08-17
08/14/2020;69.17;0.27;0.39%;68.97;70.43;68.21;4.486.000;2020-08-14
08/13/2020;68.90;0.90;1.32%;68.50;70.92;68.40;7.440.100;2020-08-13
08/12/2020;68.00;0.63;0.94%;68.10;68.45;66.11;4.766.200;2020-08-12
08/11/2020;67.37;-1.49;-2.16%;69.47;69.93;67.37;3.967.000;2020-08-11
08/10/2020;68.86;0.37;0.54%;68.54;69.36;67.29;3.593.200;2020-08-10
08/07/2020;68.49;-1.17;-1.68%;69.03;70.19;68.18;4.717.900;2020-08-07
08/06/2020;69.66;1.36;1.99%;68.59;69.89;68.31;4.035.000;2020-08-06
08/05/2020;68.30;1.10;1.64%;67.89;69.28;67.55;5.376.000;2020-08-05
08/04/2020;67.20;0.70;1.05%;65.90;67.53;65.50;6.358.400;2020-08-04
08/03/2020;66.50;-0.64;-0.95%;67.36;67.53;66.10;5.598.100;2020-08-03
07/31/2020;67.14;-1.25;-1.83%;68.39;68.60;67.00;4.287.100;2020-07-31
07/30/2020;68.39;1.56;2.33%;66.13;68.49;64.60;4.323.000;2020-07-30
07/29/2020;66.83;-0.52;-0.77%;67.76;68.05;66.00;6.347.700;2020-07-29
07/28/2020;67.35;-2.90;-4.13%;69.80;69.85;67.10;6.576.300;2020-07-28
07/27/2020;70.25;3.37;5.04%;67.81;71.02;67.73;7.216.800;2020-07-27
07/24/2020;66.88;-0.32;-0.48%;66.81;67.82;65.41;6.584.700;2020-07-24
07/23/2020;67.20;-0.90;-1.32%;68.00;69.80;66.61;9.899.800;2020-07-23
07/22/2020;68.10;7.70;12.75%;62.70;68.90;62.51;17.764.000;2020-07-22
07/21/2020;60.40;0.20;0.33%;60.50;61.03;59.01;5.063.300;2020-07-21
07/20/2020;60.20;1.84;3.15%;58.40;60.20;58.20;5.236.000;2020-07-20
07/17/2020;58.36;3.79;6.95%;55.03;58.46;54.70;6.470.700;2020-07-17
07/16/2020;54.57;0.22;0.4%;54.14;55.72;53.67;5.117.900;2020-07-16
07/15/2020;54.35;0.38;0.7%;54.54;54.70;54.08;4.617.200;2020-07-15
07/14/2020;53.97;-0.33;-0.61%;54.50;55.58;53.82;5.176.000;2020-07-14
07/13/2020;54.30;-0.42;-0.77%;54.80;55.89;54.25;5.080.100;2020-07-13
07/10/2020;54.72;0.32;0.59%;54.59;55.22;53.93;3.670.100;2020-07-10
07/09/2020;54.40;-0.10;-0.18%;54.62;54.77;54.12;3.747.000;2020-07-09
07/08/2020;54.50;0.53;0.98%;54.00;55.00;53.80;3.805.800;2020-07-08
07/07/2020;53.97;0.43;0.8%;53.28;54.14;52.15;4.797.200;2020-07-07
07/06/2020;53.54;-0.46;-0.85%;55.00;55.00;53.03;5.558.500;2020-07-06
07/03/2020;54.00;0.40;0.75%;53.59;54.27;53.21;3.289.900;2020-07-03
07/02/2020;53.60;1.20;2.29%;53.31;54.25;53.01;4.853.700;2020-07-02
07/01/2020;52.40;1.49;2.93%;50.80;52.59;50.80;4.465.900;2020-07-01
06/30/2020;50.91;0.85;1.7%;49.69;51.48;49.55;5.538.000;2020-06-30
06/29/2020;50.06;0.46;0.93%;50.41;50.72;49.21;3.413.700;2020-06-29
06/26/2020;49.60;0.41;0.83%;49.19;51.17;48.92;8.247.900;2020-06-26
06/25/2020;49.19;3.26;7.1%;46.10;49.50;46.06;7.771.400;2020-06-25
06/24/2020;45.93;-0.11;-0.24%;45.75;46.74;45.23;3.629.700;2020-06-24
06/23/2020;46.04;0.43;0.94%;46.30;46.79;45.68;3.233.400;2020-06-23
06/22/2020;45.61;-0.55;-1.19%;46.30;46.70;45.52;2.975.200;2020-06-22
06/19/2020;46.16;0.07;0.15%;46.80;47.00;45.99;8.316.600;2020-06-19
06/18/2020;46.09;-0.25;-0.54%;46.16;46.67;45.74;2.622.600;2020-06-18
06/17/2020;46.34;1.35;3.0%;45.06;47.00;45.06;4.744.600;2020-06-17
06/16/2020;44.99;0.65;1.47%;45.20;46.17;44.75;4.490.600;2020-06-16
06/15/2020;44.34;0.11;0.25%;43.00;44.92;43.00;3.992.700;2020-06-15
06/12/2020;44.23;-0.83;-1.84%;43.55;44.63;42.70;5.716.200;2020-06-12
06/11/2020;45.06;0.00;+0.00%;45.93;46.64;44.47;0;2020-06-11
06/10/2020;45.06;-0.45;-0.99%;45.93;46.64;44.47;4.847.800;2020-06-10
06/09/2020;45.51;-0.19;-0.42%;44.73;46.08;43.85;4.179.400;2020-06-09
06/08/2020;45.70;1.82;4.15%;44.89;46.28;44.26;5.162.800;2020-06-08
06/05/2020;43.88;0.02;0.05%;44.50;45.43;43.45;6.099.000;2020-06-05
06/04/2020;43.86;1.45;3.42%;42.10;43.86;41.27;5.808.900;2020-06-04
06/03/2020;42.41;-0.14;-0.33%;43.30;43.80;42.31;4.592.900;2020-06-03
06/02/2020;42.55;0.33;0.78%;42.42;42.80;41.81;3.339.300;2020-06-02
06/01/2020;42.22;0.37;0.88%;41.89;43.00;41.81;5.534.700;2020-06-01
05/29/2020;41.85;1.55;3.85%;40.20;41.85;39.61;8.802.900;2020-05-29
05/28/2020;40.30;-0.30;-0.74%;40.37;41.15;40.15;4.658.000;2020-05-28
05/27/2020;40.60;0.10;0.25%;40.84;40.98;39.60;4.885.000;2020-05-27
05/26/2020;40.50;2.10;5.47%;38.81;40.57;38.50;7.258.500;2020-05-26
05/25/2020;38.40;0.83;2.21%;38.11;38.55;37.62;3.700.300;2020-05-25
05/22/2020;37.57;-0.09;-0.24%;37.41;38.43;36.70;4.836.100;2020-05-22
05/21/2020;37.66;0.10;0.27%;37.83;38.05;36.97;4.988.000;2020-05-21
05/20/2020;37.56;0.70;1.9%;37.05;38.67;37.05;5.223.800;2020-05-20
05/19/2020;36.86;0.16;0.44%;36.72;38.00;36.33;6.069.200;2020-05-19
05/18/2020;36.70;0.44;1.21%;37.39;37.48;36.58;4.178.400;2020-05-18
05/15/2020;36.26;-1.33;-3.54%;37.08;37.41;36.00;5.854.400;2020-05-15
05/14/2020;37.59;-0.68;-1.78%;37.80;38.06;36.32;6.265.800;2020-05-14
05/13/2020;38.27;0.57;1.51%;37.91;38.56;37.44;5.321.100;2020-05-13
05/12/2020;37.70;-0.95;-2.46%;38.99;39.38;37.15;4.163.400;2020-05-12
05/11/2020;38.65;0.23;0.6%;38.31;39.24;38.15;4.905.000;2020-05-11
05/08/2020;38.42;-0.82;-2.09%;40.00;40.10;38.00;5.073.300;2020-05-08
05/07/2020;39.24;0.50;1.29%;39.23;40.89;38.72;9.607.100;2020-05-07
05/06/2020;38.74;-0.41;-1.05%;39.06;39.23;37.70;6.652.300;2020-05-06
05/05/2020;39.15;-0.76;-1.9%;40.30;40.72;38.83;4.112.500;2020-05-05
05/04/2020;39.91;-0.06;-0.15%;38.98;39.99;38.21;4.908.600;2020-05-04
05/01/2020;39.97;0.00;+0.00%;40.65;41.29;39.20;0;2020-05-01
04/30/2020;39.97;-1.63;-3.92%;40.65;41.29;39.20;7.003.100;2020-04-30
04/29/2020;41.60;-0.18;-0.43%;43.21;44.05;41.40;7.446.800;2020-04-29
04/28/2020;41.78;1.08;2.65%;42.00;42.30;40.40;7.386.100;2020-04-28
04/27/2020;40.70;1.62;4.15%;39.32;41.06;38.83;6.394.000;2020-04-27
04/24/2020;39.08;-0.57;-1.44%;38.68;39.44;35.25;10.704.200;2020-04-24
04/23/2020;39.65;-1.09;-2.68%;41.55;41.95;38.91;5.843.200;2020-04-23
04/22/2020;40.74;1.56;3.98%;39.30;41.20;39.19;5.391.900;2020-04-22
04/21/2020;39.18;0.00;+0.00%;37.68;39.56;36.94;0;2020-04-21
04/20/2020;39.18;0.70;1.82%;37.68;39.56;36.94;5.909.700;2020-04-20
04/17/2020;38.48;0.09;0.23%;38.92;38.98;37.78;6.870.000;2020-04-17
04/16/2020;38.39;0.13;0.34%;38.17;38.91;37.73;7.039.500;2020-04-16
04/15/2020;38.26;-0.65;-1.67%;38.10;39.05;37.99;5.932.300;2020-04-15
04/14/2020;38.91;-0.49;-1.24%;40.01;40.48;38.90;5.764.000;2020-04-14
04/13/2020;39.40;0.99;2.58%;38.14;39.50;37.60;3.679.200;2020-04-13
04/10/2020;38.41;0.00;+0.00%;40.54;41.40;38.19;0;2020-04-10
04/09/2020;38.41;-1.57;-3.93%;40.54;41.40;38.19;6.340.000;2020-04-09
04/08/2020;39.98;2.82;7.59%;37.50;40.08;37.50;7.315.700;2020-04-08
04/07/2020;37.16;3.77;11.29%;35.50;37.69;35.25;8.688.400;2020-04-07
04/06/2020;33.39;0.48;1.46%;35.09;35.10;32.70;5.498.000;2020-04-06
04/03/2020;32.91;-1.29;-3.77%;34.25;34.48;31.42;5.670.300;2020-04-03
04/02/2020;34.20;1.44;4.4%;33.35;35.14;32.76;5.974.800;2020-04-02
04/01/2020;32.76;-0.62;-1.86%;32.40;33.47;31.54;6.457.400;2020-04-01
03/31/2020;33.38;-0.86;-2.51%;34.09;35.44;32.96;7.063.300;2020-03-31
03/30/2020;34.24;-1.15;-3.25%;35.61;37.27;33.50;7.593.300;2020-03-30
03/27/2020;35.39;-2.39;-6.33%;36.50;36.50;34.90;7.004.900;2020-03-27
03/26/2020;37.78;0.13;0.35%;37.80;39.00;36.47;6.011.500;2020-03-26
03/25/2020;37.65;1.30;3.58%;36.75;38.66;36.69;9.183.200;2020-03-25
03/24/2020;36.35;0.46;1.28%;38.89;40.20;36.06;14.152.000;2020-03-24
03/23/2020;35.89;3.99;12.51%;33.90;37.28;31.46;18.755.200;2020-03-23
03/20/2020;31.90;3.74;13.28%;31.15;35.00;30.55;14.882.100;2020-03-20
03/19/2020;28.16;1.18;4.37%;26.23;30.38;25.77;13.885.500;2020-03-19
03/18/2020;26.98;-1.54;-5.4%;25.90;28.39;25.11;11.983.200;2020-03-18
03/17/2020;28.52;0.68;2.44%;28.51;29.77;27.50;12.629.900;2020-03-17
03/16/2020;27.84;-6.75;-19.51%;31.68;32.18;27.20;9.084.000;2020-03-16
03/13/2020;34.59;0.97;2.89%;37.50;38.61;31.90;12.024.300;2020-03-13
03/12/2020;33.62;-5.09;-13.15%;36.00;36.07;32.53;7.630.000;2020-03-12
03/11/2020;38.71;-3.28;-7.81%;40.85;41.94;37.01;7.191.400;2020-03-11
03/10/2020;41.99;2.28;5.74%;42.00;43.15;40.40;8.531.200;2020-03-10
03/09/2020;39.71;-4.31;-9.79%;40.01;41.49;39.02;8.066.600;2020-03-09
03/06/2020;44.02;-2.68;-5.74%;44.01;45.11;43.35;9.383.300;2020-03-06
03/05/2020;46.70;-1.76;-3.63%;48.19;48.70;45.60;6.485.300;2020-03-05
03/04/2020;48.46;0.54;1.13%;49.50;49.80;47.84;6.111.700;2020-03-04
03/03/2020;47.92;0.93;1.98%;47.39;49.57;47.04;9.693.600;2020-03-03
03/02/2020;46.99;3.84;8.9%;43.90;46.99;43.26;9.975.000;2020-03-02
02/28/2020;43.15;0.00;0.0%;43.15;43.15;43.15;0;2020-02-28
02/27/2020;43.15;-0.82;-1.86%;43.75;44.68;41.65;12.750.900;2020-02-27
02/27/2020;43.97;-2.86;-6.11%;46.81;46.81;43.69;11.766.500;2020-02-27
02/26/2020;46.83;-2.97;-5.96%;47.00;48.46;46.37;10.634.100;2020-02-26
02/25/2020;49.80;0.00;+0.00%;47.43;50.13;47.00;0;2020-02-25
02/24/2020;49.80;0.00;+0.00%;47.43;50.13;47.00;0;2020-02-24
02/21/2020;49.80;2.31;4.86%;47.43;50.13;47.00;8.512.700;2020-02-21
02/20/2020;47.49;-1.01;-2.08%;48.05;49.60;47.49;7.249.800;2020-02-20
02/19/2020;48.50;3.80;8.5%;46.00;49.28;46.00;21.304.800;2020-02-19
02/18/2020;44.70;-1.08;-2.36%;45.60;45.70;44.50;7.730.100;2020-02-18
02/17/2020;45.78;0.21;0.46%;45.65;46.58;44.94;3.932.700;2020-02-17
02/14/2020;45.57;0.00;0.0%;45.76;47.50;45.57;8.183.400;2020-02-14
02/13/2020;45.57;1.01;2.27%;44.30;45.69;43.20;5.699.900;2020-02-13
02/12/2020;44.56;1.51;3.51%;43.40;45.18;43.38;6.359.500;2020-02-12
02/11/2020;43.05;1.52;3.66%;42.03;43.06;41.75;3.279.100;2020-02-11
02/10/2020;41.53;0.43;1.05%;41.08;42.30;40.32;4.665.200;2020-02-10
02/07/2020;41.10;-1.74;-4.06%;42.87;43.37;41.10;3.938.500;2020-02-07
02/06/2020;42.84;1.47;3.55%;41.92;43.58;41.66;6.483.000;2020-02-06
02/05/2020;41.37;0.85;2.1%;40.84;41.72;40.84;5.252.500;2020-02-05
02/04/2020;40.52;-0.15;-0.37%;41.66;42.08;40.42;5.547.600;2020-02-04
02/03/2020;40.67;1.26;3.2%;39.80;41.08;39.67;6.336.100;2020-02-03
01/31/2020;39.41;-1.56;-3.81%;40.80;41.48;39.24;9.671.700;2020-01-31
01/30/2020;40.97;-1.42;-3.35%;41.80;42.70;40.54;8.422.600;2020-01-30
01/29/2020;42.39;0.38;0.9%;42.36;44.28;42.36;8.016.300;2020-01-29
01/28/2020;42.01;1.04;2.54%;40.95;42.40;40.73;4.375.100;2020-01-28
01/27/2020;40.97;-0.46;-1.11%;40.80;41.75;39.82;5.568.100;2020-01-27
01/24/2020;41.43;1.78;4.49%;39.70;41.46;39.41;5.073.000;2020-01-24
01/23/2020;39.65;0.75;1.93%;38.60;39.65;38.18;4.355.600;2020-01-23
01/22/2020;38.90;1.41;3.76%;37.84;38.90;37.55;2.583.100;2020-01-22
01/21/2020;37.49;-0.44;-1.16%;37.85;38.08;37.41;3.066.900;2020-01-21
01/20/2020;37.93;1.13;3.07%;36.80;37.93;36.64;2.245.100;2020-01-20
01/17/2020;36.80;0.93;2.59%;36.02;36.88;36.00;5.864.100;2020-01-17
01/16/2020;35.87;0.64;1.82%;35.29;36.50;35.29;4.693.600;2020-01-16
01/15/2020;35.23;0.23;0.66%;35.05;35.23;34.67;3.138.800;2020-01-15
01/14/2020;35.00;0.68;1.98%;34.44;35.00;34.09;5.027.000;2020-01-14
01/13/2020;34.32;0.32;0.94%;34.08;34.43;34.01;4.100.100;2020-01-13
01/10/2020;34.00;0.68;2.04%;33.50;34.30;33.49;3.141.900;2020-01-10
01/09/2020;33.32;-0.50;-1.48%;34.00;34.06;33.22;4.921.500;2020-01-09
01/08/2020;33.82;-1.33;-3.78%;35.20;35.22;33.82;4.076.900;2020-01-08
